epoch: 100.0
eval_AUROC_macro: 0.8846909403800964
eval_accuracy_exact: 0.6025640964508057
eval_accuracy_macro: 0.8666666150093079
eval_f1_macro: 0.5261538624763489
eval_loss: 0.3377159833908081
eval_runtime: 0.8539
eval_samples_per_second: 91.348
eval_steps_per_second: 5.856
