epoch: 100.0
eval_AUROC_macro: 0.6213533282279968
eval_accuracy_exact: 0.7564102411270142
eval_accuracy_macro: 0.8418803215026855
eval_f1_macro: 0.5690009593963623
eval_loss: 0.8863435387611389
eval_precision_macro: 0.8159722089767456
eval_recall_macro: 0.5178451538085938
eval_runtime: 0.8462
eval_samples_per_second: 92.174
eval_steps_per_second: 5.909
