epoch: 100.0
eval_AUROC_macro: 0.7492311000823975
eval_accuracy_exact: 0.4025973975658417
eval_accuracy_macro: 0.935064971446991
eval_f1_macro: 0.36562296748161316
eval_loss: 0.20327487587928772
eval_precision_macro: 0.39479801058769226
eval_recall_macro: 0.37235695123672485
eval_runtime: 0.8032
eval_samples_per_second: 95.863
eval_steps_per_second: 6.225
