epoch: 100.0
eval_AUROC_macro: 0.8805353045463562
eval_accuracy_exact: 0.6153846383094788
eval_accuracy_macro: 0.8666666150093079
eval_f1_macro: 0.5733968615531921
eval_loss: 0.47727760672569275
eval_runtime: 0.8549
eval_samples_per_second: 91.239
eval_steps_per_second: 5.849
