epoch: 100.0
eval_AUROC_macro: 0.8299319744110107
eval_accuracy_macro: 0.735714316368103
eval_accuracy_micro: 0.7402597665786743
eval_f1_macro: 0.7366621494293213
eval_loss: 1.693995714187622
eval_runtime: 0.8342
eval_samples_per_second: 92.307
eval_steps_per_second: 5.994
