epoch: 100.0
eval_AUROC_macro: 0.7801980972290039
eval_accuracy_macro: 0.4000000059604645
eval_accuracy_micro: 0.4871794879436493
eval_f1_macro: 0.3695690929889679
eval_loss: 3.1679506301879883
eval_precision_macro: 0.36112916469573975
eval_recall_macro: 0.4000000059604645
eval_runtime: 0.8392
eval_samples_per_second: 92.941
eval_steps_per_second: 5.958
