epoch: 100.0
eval_AUROC_macro: 0.7657133936882019
eval_accuracy_exact: 0.39743590354919434
eval_accuracy_macro: 0.936752200126648
eval_f1_macro: 0.30369043350219727
eval_loss: 0.2115527242422104
eval_precision_macro: 0.3321644961833954
eval_recall_macro: 0.29185187816619873
eval_runtime: 0.8235
eval_samples_per_second: 94.716
eval_steps_per_second: 6.072
