epoch: 100.0
eval_AUROC_macro: 0.9104377031326294
eval_accuracy_macro: 0.8616161346435547
eval_accuracy_micro: 0.8589743375778198
eval_f1_macro: 0.8570714592933655
eval_loss: 0.6609340310096741
eval_runtime: 0.8326
eval_samples_per_second: 93.684
eval_steps_per_second: 6.005
