epoch: 100.0
eval_AUROC_macro: 0.6302404403686523
eval_accuracy_exact: 0.5897436141967773
eval_accuracy_macro: 0.9214743375778198
eval_f1_macro: 0.21040335297584534
eval_loss: 0.3131861090660095
eval_precision_macro: 0.1986842155456543
eval_recall_macro: 0.22361111640930176
eval_runtime: 0.835
eval_samples_per_second: 93.412
eval_steps_per_second: 5.988
