epoch: 100.0
eval_AUROC_macro: 0.8666049242019653
eval_accuracy_exact: 0.6025640964508057
eval_accuracy_macro: 0.9246794581413269
eval_f1_macro: 0.1882525086402893
eval_loss: 0.27518945932388306
eval_precision_macro: 0.18078702688217163
eval_recall_macro: 0.196363627910614
eval_runtime: 0.8396
eval_samples_per_second: 92.906
eval_steps_per_second: 5.956
