epoch: 100.0
eval_AUROC_macro: 0.8596369028091431
eval_accuracy_exact: 0.6794871687889099
eval_accuracy_macro: 0.8923076391220093
eval_f1_macro: 0.5581961274147034
eval_loss: 0.42947763204574585
eval_runtime: 0.8556
eval_samples_per_second: 91.169
eval_steps_per_second: 5.844
