epoch: 100.0
eval_AUROC_macro: 0.8478156328201294
eval_accuracy_exact: 0.41025641560554504
eval_accuracy_macro: 0.9358974695205688
eval_f1_macro: 0.3035956621170044
eval_loss: 0.20805664360523224
eval_precision_macro: 0.40330690145492554
eval_recall_macro: 0.2683204412460327
eval_runtime: 0.8203
eval_samples_per_second: 95.085
eval_steps_per_second: 6.095
