epoch: 100.0
eval_AUROC_macro: 0.7707521319389343
eval_accuracy_exact: 0.6025640964508057
eval_accuracy_macro: 0.932692289352417
eval_f1_macro: 0.2844226658344269
eval_loss: 0.24234378337860107
eval_runtime: 0.8708
eval_samples_per_second: 89.568
eval_steps_per_second: 5.742
