epoch: 100.0
eval_AUROC_macro: 0.508469820022583
eval_accuracy_exact: 0.6025640964508057
eval_accuracy_macro: 0.9407051801681519
eval_f1_macro: 0.24332264065742493
eval_loss: 0.18749558925628662
eval_runtime: 0.8599
eval_samples_per_second: 90.707
eval_steps_per_second: 5.815
