epoch: 100.0
eval_AUROC_macro: 0.8041963577270508
eval_accuracy_macro: 0.4661019742488861
eval_accuracy_micro: 0.5064935088157654
eval_f1_macro: 0.4968753159046173
eval_loss: 2.702580690383911
eval_runtime: 0.7962
eval_samples_per_second: 96.71
eval_steps_per_second: 6.28
