epoch: 100.0
eval_AUROC_macro: 0.7426477074623108
eval_accuracy_exact: 0.3461538553237915
eval_accuracy_macro: 0.7467948794364929
eval_f1_macro: 0.5263926386833191
eval_loss: 1.0867236852645874
eval_precision_macro: 0.6028409004211426
eval_recall_macro: 0.5083333253860474
eval_runtime: 0.8262
eval_samples_per_second: 94.405
eval_steps_per_second: 6.052
