epoch: 100.0
eval_AUROC_macro: 0.7986593842506409
eval_accuracy_exact: 0.43589743971824646
eval_accuracy_macro: 0.9427350759506226
eval_f1_macro: 0.314660906791687
eval_loss: 0.18128757178783417
eval_runtime: 0.8561
eval_samples_per_second: 91.11
eval_steps_per_second: 5.84
