epoch: 100.0
eval_AUROC_macro: 0.816187858581543
eval_accuracy_exact: 0.6666666865348816
eval_accuracy_macro: 0.894871711730957
eval_f1_macro: 0.5933392643928528
eval_loss: 0.2769773006439209
eval_runtime: 0.8394
eval_samples_per_second: 92.925
eval_steps_per_second: 5.957
