epoch: 100.0
eval_AUROC_macro: 0.6727985143661499
eval_accuracy_exact: 0.6666666865348816
eval_accuracy_macro: 0.9342948794364929
eval_f1_macro: 0.25898241996765137
eval_loss: 0.2150820940732956
eval_runtime: 0.8847
eval_samples_per_second: 88.163
eval_steps_per_second: 5.651
