epoch: 100.0
eval_AUROC_macro: 0.8437379598617554
eval_accuracy_exact: 0.6410256624221802
eval_accuracy_macro: 0.8846153616905212
eval_f1_macro: 0.5897479057312012
eval_loss: 0.3612440526485443
eval_runtime: 0.8425
eval_samples_per_second: 92.576
eval_steps_per_second: 5.934
