epoch: 100.0
eval_AUROC_macro: 0.7601659893989563
eval_accuracy_exact: 0.3896103799343109
eval_accuracy_macro: 0.9333333373069763
eval_f1_macro: 0.3226625323295593
eval_loss: 0.21204012632369995
eval_runtime: 0.841
eval_samples_per_second: 91.557
eval_steps_per_second: 5.945
