epoch: 100.0
eval_AUROC_macro: 0.8766638040542603
eval_accuracy_exact: 0.6538461446762085
eval_accuracy_macro: 0.884615421295166
eval_f1_macro: 0.5570434331893921
eval_loss: 0.41465726494789124
eval_precision_macro: 0.6364167928695679
eval_recall_macro: 0.5300445556640625
eval_runtime: 0.8212
eval_samples_per_second: 94.984
eval_steps_per_second: 6.089
