epoch: 100.0
eval_AUROC_macro: 0.7945128083229065
eval_accuracy_exact: 0.39743590354919434
eval_accuracy_macro: 0.7628204822540283
eval_f1_macro: 0.6262128353118896
eval_loss: 0.9200749397277832
eval_precision_macro: 0.654426634311676
eval_recall_macro: 0.619703471660614
eval_runtime: 0.8236
eval_samples_per_second: 94.706
eval_steps_per_second: 6.071
