epoch: 100.0
eval_AUROC_macro: 0.8225545883178711
eval_accuracy_exact: 0.38461539149284363
eval_accuracy_macro: 0.7948718070983887
eval_f1_macro: 0.6636366844177246
eval_loss: 0.7842301726341248
eval_runtime: 0.8604
eval_samples_per_second: 90.652
eval_steps_per_second: 5.811
