epoch: 100.0
eval_AUROC_macro: 0.8543319702148438
eval_accuracy_macro: 0.829365074634552
eval_accuracy_micro: 0.8333333134651184
eval_f1_macro: 0.8310844898223877
eval_loss: 1.0632578134536743
eval_runtime: 0.8352
eval_samples_per_second: 93.386
eval_steps_per_second: 5.986
