epoch: 100.0
eval_AUROC_macro: 0.8574449419975281
eval_accuracy_exact: 0.5641025900840759
eval_accuracy_macro: 0.8923076391220093
eval_f1_macro: 0.556449830532074
eval_loss: 0.28977739810943604
eval_precision_macro: 0.6608020067214966
eval_recall_macro: 0.49213671684265137
eval_runtime: 0.8725
eval_samples_per_second: 89.395
eval_steps_per_second: 5.73
