epoch: 100.0
eval_AUROC_macro: 0.6298102140426636
eval_accuracy_exact: 0.6233766078948975
eval_accuracy_macro: 0.9318181276321411
eval_f1_macro: 0.20217391848564148
eval_loss: 0.2561589777469635
eval_runtime: 0.7942
eval_samples_per_second: 96.951
eval_steps_per_second: 6.296
