epoch: 100.0
eval_AUROC_macro: 0.6487864851951599
eval_accuracy_exact: 0.38461539149284363
eval_accuracy_macro: 0.9333333969116211
eval_f1_macro: 0.21942731738090515
eval_loss: 0.20505590736865997
eval_runtime: 0.8664
eval_samples_per_second: 90.026
eval_steps_per_second: 5.771
