epoch: 100.0
eval_AUROC_macro: 0.8257142901420593
eval_accuracy_macro: 0.7828571200370789
eval_accuracy_micro: 0.7820512652397156
eval_f1_macro: 0.7711820602416992
eval_loss: 1.6239792108535767
eval_precision_macro: 0.7666666507720947
eval_recall_macro: 0.7828571200370789
eval_runtime: 0.8732
eval_samples_per_second: 89.323
eval_steps_per_second: 5.726
