epoch: 100.0
eval_AUROC_macro: 0.8983164429664612
eval_accuracy_macro: 0.8575757741928101
eval_accuracy_micro: 0.8589743375778198
eval_f1_macro: 0.8561127185821533
eval_loss: 1.092968463897705
eval_precision_macro: 0.854946494102478
eval_recall_macro: 0.8575757741928101
eval_runtime: 0.874
eval_samples_per_second: 89.245
eval_steps_per_second: 5.721
