epoch: 100.0
eval_AUROC_macro: 0.7108246088027954
eval_accuracy_exact: 0.6282051205635071
eval_accuracy_macro: 0.9262820482254028
eval_f1_macro: 0.25487011671066284
eval_loss: 0.27642253041267395
eval_runtime: 0.8214
eval_samples_per_second: 94.955
eval_steps_per_second: 6.087
