epoch: 100.0
eval_AUROC_macro: 0.4387766718864441
eval_accuracy_exact: 0.7435897588729858
eval_accuracy_macro: 0.9519230127334595
eval_f1_macro: 0.24921536445617676
eval_loss: 0.15746265649795532
eval_runtime: 0.8649
eval_samples_per_second: 90.189
eval_steps_per_second: 5.781
