epoch: 100.0
eval_AUROC_macro: 0.8370237350463867
eval_accuracy_exact: 0.6794871687889099
eval_accuracy_macro: 0.8743588924407959
eval_f1_macro: 0.571375846862793
eval_loss: 0.42679816484451294
eval_precision_macro: 0.5676973462104797
eval_recall_macro: 0.5796345472335815
eval_runtime: 0.822
eval_samples_per_second: 94.886
eval_steps_per_second: 6.082
