epoch: 100.0
eval_AUROC_macro: 0.8079346418380737
eval_accuracy_exact: 0.5897436141967773
eval_accuracy_macro: 0.921474277973175
eval_f1_macro: 0.28505939245224
eval_loss: 0.27101942896842957
eval_runtime: 0.8745
eval_samples_per_second: 89.195
eval_steps_per_second: 5.718
