epoch: 100.0
eval_AUROC_macro: 0.6761513352394104
eval_accuracy_macro: 0.4157407283782959
eval_accuracy_micro: 0.5512820482254028
eval_f1_macro: 0.41500264406204224
eval_loss: 1.3083665370941162
eval_runtime: 0.8356
eval_samples_per_second: 93.351
eval_steps_per_second: 5.984
