epoch: 100.0
eval_AUROC_macro: 0.8203158378601074
eval_accuracy_exact: 0.42307692766189575
eval_accuracy_macro: 0.798076868057251
eval_f1_macro: 0.6286959648132324
eval_loss: 0.7574653029441833
eval_runtime: 0.8476
eval_samples_per_second: 92.023
eval_steps_per_second: 5.899
