epoch: 100.0
eval_AUROC_macro: 0.8830711245536804
eval_accuracy_exact: 0.6103895902633667
eval_accuracy_macro: 0.8753246665000916
eval_f1_macro: 0.5514530539512634
eval_loss: 0.3983546793460846
eval_precision_macro: 0.5538867115974426
eval_recall_macro: 0.5549353361129761
eval_runtime: 0.8042
eval_samples_per_second: 95.75
eval_steps_per_second: 6.218
