epoch: 100.0
eval_AUROC_macro: 0.6388580203056335
eval_accuracy_macro: 0.31736111640930176
eval_accuracy_micro: 0.4743589758872986
eval_f1_macro: 0.32165899872779846
eval_loss: 3.1458992958068848
eval_precision_macro: 0.33353760838508606
eval_recall_macro: 0.31736111640930176
eval_runtime: 0.8281
eval_samples_per_second: 94.19
eval_steps_per_second: 6.038
