epoch: 100.0
eval_AUROC_macro: 0.7135699987411499
eval_accuracy_exact: 0.4285714328289032
eval_accuracy_macro: 0.9471861124038696
eval_f1_macro: 0.3082757890224457
eval_loss: 0.17488987743854523
eval_runtime: 0.8192
eval_samples_per_second: 93.995
eval_steps_per_second: 6.104
