epoch: 100.0
eval_AUROC_macro: 0.636722207069397
eval_accuracy_exact: 0.7142857313156128
eval_accuracy_macro: 0.8311688303947449
eval_f1_macro: 0.44215792417526245
eval_loss: 0.894119381904602
eval_runtime: 0.8021
eval_samples_per_second: 95.996
eval_steps_per_second: 6.233
