epoch: 100.0
eval_AUROC_macro: 0.8289917707443237
eval_accuracy_exact: 0.39743590354919434
eval_accuracy_macro: 0.9316238760948181
eval_f1_macro: 0.3411204516887665
eval_loss: 0.19381390511989594
eval_precision_macro: 0.3769841492176056
eval_recall_macro: 0.35130953788757324
eval_runtime: 0.8208
eval_samples_per_second: 95.027
eval_steps_per_second: 6.092
