epoch: 100.0
eval_AUROC_macro: 0.85999995470047
eval_accuracy_macro: 0.7849999666213989
eval_accuracy_micro: 0.7948718070983887
eval_f1_macro: 0.7804362773895264
eval_loss: 1.327605962753296
eval_runtime: 0.8519
eval_samples_per_second: 91.564
eval_steps_per_second: 5.869
