epoch: 100.0
eval_AUROC_macro: 0.4407620429992676
eval_accuracy_exact: 0.7179487347602844
eval_accuracy_macro: 0.8290598392486572
eval_f1_macro: 0.41592395305633545
eval_loss: 0.8692216277122498
eval_runtime: 0.8256
eval_samples_per_second: 94.471
eval_steps_per_second: 6.056
