epoch: 100.0
eval_AUROC_macro: 0.4625904858112335
eval_accuracy_exact: 0.7435897588729858
eval_accuracy_macro: 0.8504273891448975
eval_f1_macro: 0.43654727935791016
eval_loss: 0.5838595628738403
eval_runtime: 0.8601
eval_samples_per_second: 90.683
eval_steps_per_second: 5.813
