epoch: 100.0
eval_AUROC_macro: 0.8133186101913452
eval_accuracy_exact: 0.3589743673801422
eval_accuracy_macro: 0.7884615659713745
eval_f1_macro: 0.5782487392425537
eval_loss: 0.8017203211784363
eval_runtime: 0.8583
eval_samples_per_second: 90.877
eval_steps_per_second: 5.825
