epoch: 100.0
eval_AUROC_macro: 0.9038723111152649
eval_accuracy_macro: 0.820652186870575
eval_accuracy_micro: 0.8333333134651184
eval_f1_macro: 0.8250215649604797
eval_loss: 1.18390953540802
eval_precision_macro: 0.832160472869873
eval_recall_macro: 0.820652186870575
eval_runtime: 0.8677
eval_samples_per_second: 89.889
eval_steps_per_second: 5.762
