epoch: 100.0
eval_AUROC_macro: 0.734836995601654
eval_accuracy_exact: 0.6410256624221802
eval_accuracy_macro: 0.8717948198318481
eval_f1_macro: 0.5026199221611023
eval_loss: 0.4585939049720764
eval_runtime: 0.8485
eval_samples_per_second: 91.927
eval_steps_per_second: 5.893
