epoch: 100.0
eval_AUROC_macro: 0.801119327545166
eval_accuracy_exact: 0.692307710647583
eval_accuracy_macro: 0.8974359035491943
eval_f1_macro: 0.5877759456634521
eval_loss: 0.2821461260318756
eval_runtime: 0.8556
eval_samples_per_second: 91.164
eval_steps_per_second: 5.844
