epoch: 100.0
eval_AUROC_macro: 0.7939119338989258
eval_accuracy_macro: 0.37706258893013
eval_accuracy_micro: 0.5128205418586731
eval_f1_macro: 0.36390939354896545
eval_loss: 2.948373556137085
eval_precision_macro: 0.46595263481140137
eval_recall_macro: 0.37706258893013
eval_runtime: 0.8254
eval_samples_per_second: 94.505
eval_steps_per_second: 6.058
