epoch: 100.0
eval_AUROC_macro: 0.916279137134552
eval_accuracy_macro: 0.884717583656311
eval_accuracy_micro: 0.8846153616905212
eval_f1_macro: 0.8836785554885864
eval_loss: 0.48321327567100525
eval_runtime: 0.82
eval_samples_per_second: 95.117
eval_steps_per_second: 6.097
