epoch: 100.0
eval_AUROC_macro: 0.8015060424804688
eval_accuracy_macro: 0.3697523772716522
eval_accuracy_micro: 0.4871794879436493
eval_f1_macro: 0.3709968626499176
eval_loss: 2.8327269554138184
eval_precision_macro: 0.3882880210876465
eval_recall_macro: 0.3697523772716522
eval_runtime: 0.8224
eval_samples_per_second: 94.843
eval_steps_per_second: 6.08
