epoch: 100.0
eval_AUROC_macro: 0.7491985559463501
eval_accuracy_exact: 0.3636363744735718
eval_accuracy_macro: 0.7564935088157654
eval_f1_macro: 0.5479248762130737
eval_loss: 0.9786804914474487
eval_precision_macro: 0.5558270812034607
eval_recall_macro: 0.5534244179725647
eval_runtime: 0.8031
eval_samples_per_second: 95.873
eval_steps_per_second: 6.226
