epoch: 100.0
eval_AUROC_macro: 0.7687714695930481
eval_accuracy_macro: 0.3597985506057739
eval_accuracy_micro: 0.5064935088157654
eval_f1_macro: 0.36264365911483765
eval_loss: 3.2774465084075928
eval_precision_macro: 0.4016917049884796
eval_recall_macro: 0.3597985506057739
eval_runtime: 0.8098
eval_samples_per_second: 95.085
eval_steps_per_second: 6.174
