epoch: 100.0
eval_AUROC_macro: 0.8186014890670776
eval_accuracy_exact: 0.43589743971824646
eval_accuracy_macro: 0.8044871687889099
eval_f1_macro: 0.6730285286903381
eval_loss: 0.7682463526725769
eval_precision_macro: 0.6744219660758972
eval_recall_macro: 0.6731227040290833
eval_runtime: 0.828
eval_samples_per_second: 94.208
eval_steps_per_second: 6.039
