epoch: 100.0
eval_AUROC_macro: 0.7909977436065674
eval_accuracy_exact: 0.6666666865348816
eval_accuracy_macro: 0.9342948198318481
eval_f1_macro: 0.32241031527519226
eval_loss: 0.25065553188323975
eval_precision_macro: 0.3604166507720947
eval_recall_macro: 0.30537134408950806
eval_runtime: 0.8309
eval_samples_per_second: 93.869
eval_steps_per_second: 6.017
