epoch: 100.0
eval_AUROC_macro: 0.6884284019470215
eval_accuracy_exact: 0.7692307829856873
eval_accuracy_macro: 0.8504273891448975
eval_f1_macro: 0.47083333134651184
eval_loss: 0.8564358353614807
eval_runtime: 0.8534
eval_samples_per_second: 91.394
eval_steps_per_second: 5.859
