epoch: 100.0
eval_AUROC_macro: 0.8317219018936157
eval_accuracy_exact: 0.42307692766189575
eval_accuracy_macro: 0.9418803453445435
eval_f1_macro: 0.27654147148132324
eval_loss: 0.18833306431770325
eval_runtime: 0.8577
eval_samples_per_second: 90.936
eval_steps_per_second: 5.829
