epoch: 100.0
eval_AUROC_macro: 0.8399999737739563
eval_accuracy_macro: 0.7214285731315613
eval_accuracy_micro: 0.7435897588729858
eval_f1_macro: 0.7214285731315613
eval_loss: 1.6346863508224487
eval_runtime: 0.8361
eval_samples_per_second: 93.29
eval_steps_per_second: 5.98
