epoch: 100.0
eval_AUROC_macro: 0.8528571724891663
eval_accuracy_macro: 0.8328571319580078
eval_accuracy_micro: 0.8461538553237915
eval_f1_macro: 0.8328571319580078
eval_loss: 0.8155262470245361
eval_runtime: 0.8217
eval_samples_per_second: 94.925
eval_steps_per_second: 6.085
