epoch: 100.0
eval_AUROC_macro: 0.9039473533630371
eval_accuracy_macro: 0.8335525989532471
eval_accuracy_micro: 0.8333333134651184
eval_f1_macro: 0.8333059549331665
eval_loss: 1.1593559980392456
eval_precision_macro: 0.8333333730697632
eval_recall_macro: 0.8335525989532471
eval_runtime: 0.8717
eval_samples_per_second: 89.477
eval_steps_per_second: 5.736
