epoch: 100.0
eval_AUROC_macro: 0.28837850689888
eval_accuracy_exact: 0.6153846383094788
eval_accuracy_macro: 0.9310897588729858
eval_f1_macro: 0.188288152217865
eval_loss: 0.2531771659851074
eval_precision_macro: 0.191716268658638
eval_recall_macro: 0.18606235086917877
eval_runtime: 0.8276
eval_samples_per_second: 94.25
eval_steps_per_second: 6.042
