epoch: 100.0
eval_AUROC_macro: 0.8535714149475098
eval_accuracy_macro: 0.7928571701049805
eval_accuracy_micro: 0.7948718070983887
eval_f1_macro: 0.7833333015441895
eval_loss: 1.0956047773361206
eval_runtime: 0.8152
eval_samples_per_second: 95.682
eval_steps_per_second: 6.133
