epoch: 100.0
eval_AUROC_macro: 0.7099836468696594
eval_accuracy_exact: 0.7564102411270142
eval_accuracy_macro: 0.8547008037567139
eval_f1_macro: 0.47783249616622925
eval_loss: 0.54066002368927
eval_runtime: 0.8636
eval_samples_per_second: 90.322
eval_steps_per_second: 5.79
