epoch: 100.0
eval_AUROC_macro: 0.7786555886268616
eval_accuracy_exact: 0.28205129504203796
eval_accuracy_macro: 0.7467948198318481
eval_f1_macro: 0.576334536075592
eval_loss: 0.8886381983757019
eval_precision_macro: 0.5684961676597595
eval_recall_macro: 0.5936695337295532
eval_runtime: 0.8205
eval_samples_per_second: 95.07
eval_steps_per_second: 6.094
