epoch: 100.0
eval_AUROC_macro: 0.8577821850776672
eval_accuracy_exact: 0.4871794879436493
eval_accuracy_macro: 0.9461538791656494
eval_f1_macro: 0.2566153109073639
eval_loss: 0.1608242243528366
eval_runtime: 0.8405
eval_samples_per_second: 92.8
eval_steps_per_second: 5.949
