epoch: 100.0
eval_AUROC_macro: 0.8086200952529907
eval_accuracy_exact: 0.42307692766189575
eval_accuracy_macro: 0.8012820482254028
eval_f1_macro: 0.6992729902267456
eval_loss: 0.7463592886924744
eval_runtime: 0.8289
eval_samples_per_second: 94.097
eval_steps_per_second: 6.032
