epoch: 100.0
eval_AUROC_macro: 0.7406355738639832
eval_accuracy_exact: 0.4675324559211731
eval_accuracy_macro: 0.8701298832893372
eval_f1_macro: 0.44312599301338196
eval_loss: 0.319052517414093
eval_precision_macro: 0.6215201020240784
eval_recall_macro: 0.35534289479255676
eval_runtime: 0.8496
eval_samples_per_second: 90.635
eval_steps_per_second: 5.885
