epoch: 100.0
eval_AUROC_macro: 0.7575487494468689
eval_accuracy_exact: 0.8701298832893372
eval_accuracy_macro: 0.9264068603515625
eval_f1_macro: 0.7428260445594788
eval_loss: 0.3769812285900116
eval_runtime: 0.8436
eval_samples_per_second: 91.272
eval_steps_per_second: 5.927
