epoch: 100.0
eval_AUROC_macro: 0.7260020971298218
eval_accuracy_exact: 0.350649356842041
eval_accuracy_macro: 0.7727272510528564
eval_f1_macro: 0.5655761957168579
eval_loss: 0.5655532479286194
eval_runtime: 0.8115
eval_samples_per_second: 94.887
eval_steps_per_second: 6.161
