epoch: 100.0
eval_AUROC_macro: 0.7291207313537598
eval_accuracy_exact: 0.39743590354919434
eval_accuracy_macro: 0.7564102411270142
eval_f1_macro: 0.5159027576446533
eval_loss: 0.9720019102096558
eval_runtime: 0.8593
eval_samples_per_second: 90.769
eval_steps_per_second: 5.819
