epoch: 100.0
eval_AUROC_macro: 0.7893568277359009
eval_accuracy_exact: 0.41025641560554504
eval_accuracy_macro: 0.7724359035491943
eval_f1_macro: 0.6317922472953796
eval_loss: 0.9017409086227417
eval_runtime: 0.8473
eval_samples_per_second: 92.055
eval_steps_per_second: 5.901
