epoch: 100.0
eval_AUROC_macro: 0.865803599357605
eval_accuracy_exact: 0.5256410241127014
eval_accuracy_macro: 0.8846153020858765
eval_f1_macro: 0.5010498762130737
eval_loss: 0.3017275929450989
eval_precision_macro: 0.6307352781295776
eval_recall_macro: 0.42287880182266235
eval_runtime: 0.8701
eval_samples_per_second: 89.642
eval_steps_per_second: 5.746
