epoch: 100.0
eval_AUROC_macro: 0.7128112316131592
eval_accuracy_exact: 0.7564102411270142
eval_accuracy_macro: 0.8589743375778198
eval_f1_macro: 0.6086805462837219
eval_loss: 0.7749279737472534
eval_runtime: 0.8315
eval_samples_per_second: 93.811
eval_steps_per_second: 6.014
