epoch: 100.0
eval_AUROC_macro: 0.8652998208999634
eval_accuracy_exact: 0.692307710647583
eval_accuracy_macro: 0.8948718309402466
eval_f1_macro: 0.5843090415000916
eval_loss: 0.3737802803516388
eval_precision_macro: 0.6279480457305908
eval_recall_macro: 0.5592731833457947
eval_runtime: 0.8193
eval_samples_per_second: 95.2
eval_steps_per_second: 6.103
