epoch: 100.0
eval_AUROC_macro: 0.5282008647918701
eval_accuracy_exact: 0.5512820482254028
eval_accuracy_macro: 0.9278846383094788
eval_f1_macro: 0.20098631083965302
eval_loss: 0.23672565817832947
eval_precision_macro: 0.20367324352264404
eval_recall_macro: 0.1999867558479309
eval_runtime: 0.8358
eval_samples_per_second: 93.324
eval_steps_per_second: 5.982
