epoch: 100.0
eval_AUROC_macro: 0.8804563283920288
eval_accuracy_macro: 0.8571428060531616
eval_accuracy_micro: 0.8589743375778198
eval_f1_macro: 0.8578293323516846
eval_loss: 1.048777461051941
eval_precision_macro: 0.8588039875030518
eval_recall_macro: 0.8571428060531616
eval_runtime: 0.8722
eval_samples_per_second: 89.432
eval_steps_per_second: 5.733
