epoch: 100.0
eval_AUROC_macro: 0.876671314239502
eval_accuracy_macro: 0.8008444309234619
eval_accuracy_micro: 0.8205128312110901
eval_f1_macro: 0.8050000071525574
eval_loss: 1.331179141998291
eval_precision_macro: 0.8104575276374817
eval_recall_macro: 0.8008444309234619
eval_runtime: 0.8738
eval_samples_per_second: 89.265
eval_steps_per_second: 5.722
