epoch: 100.0
eval_AUROC_macro: 0.8180525898933411
eval_accuracy_exact: 0.43589743971824646
eval_accuracy_macro: 0.7980769276618958
eval_f1_macro: 0.6441748738288879
eval_loss: 0.5253700017929077
eval_runtime: 0.8306
eval_samples_per_second: 93.909
eval_steps_per_second: 6.02
