epoch: 100.0
eval_AUROC_macro: 0.7596594095230103
eval_accuracy_exact: 0.41558441519737244
eval_accuracy_macro: 0.9445887207984924
eval_f1_macro: 0.293133020401001
eval_loss: 0.18400301039218903
eval_runtime: 0.8227
eval_samples_per_second: 93.597
eval_steps_per_second: 6.078
