epoch: 100.0
eval_AUROC_macro: 0.8711848258972168
eval_accuracy_exact: 0.5897436141967773
eval_accuracy_macro: 0.8666666746139526
eval_f1_macro: 0.5427306294441223
eval_loss: 0.4813505709171295
eval_precision_macro: 0.5620129704475403
eval_recall_macro: 0.5372726917266846
eval_runtime: 0.819
eval_samples_per_second: 95.234
eval_steps_per_second: 6.105
