epoch: 100.0
eval_AUROC_macro: 0.905813992023468
eval_accuracy_macro: 0.810631275177002
eval_accuracy_micro: 0.8205128312110901
eval_f1_macro: 0.8145380020141602
eval_loss: 1.176574945449829
eval_precision_macro: 0.8289936780929565
eval_recall_macro: 0.810631275177002
eval_runtime: 0.8753
eval_samples_per_second: 89.114
eval_steps_per_second: 5.712
