epoch: 100.0
eval_AUROC_macro: 0.8190134763717651
eval_accuracy_exact: 0.5512820482254028
eval_accuracy_macro: 0.9310896992683411
eval_f1_macro: 0.23394399881362915
eval_loss: 0.2562701106071472
eval_precision_macro: 0.2666361331939697
eval_recall_macro: 0.23568181693553925
eval_runtime: 0.8378
eval_samples_per_second: 93.104
eval_steps_per_second: 5.968
