epoch: 100.0
eval_AUROC_macro: 0.8538426160812378
eval_accuracy_exact: 0.4871794879436493
eval_accuracy_macro: 0.8641025424003601
eval_f1_macro: 0.4615384340286255
eval_loss: 0.3410334587097168
eval_precision_macro: 0.5421794652938843
eval_recall_macro: 0.4211779236793518
eval_runtime: 0.8711
eval_samples_per_second: 89.538
eval_steps_per_second: 5.74
