epoch: 100.0
eval_AUROC_macro: 0.8198007941246033
eval_accuracy_macro: 0.46590912342071533
eval_accuracy_micro: 0.5641025900840759
eval_f1_macro: 0.5080970525741577
eval_loss: 1.2734150886535645
eval_runtime: 0.8169
eval_samples_per_second: 95.478
eval_steps_per_second: 6.12
