epoch: 100.0
eval_AUROC_macro: 0.7558580040931702
eval_accuracy_macro: 0.28989899158477783
eval_accuracy_micro: 0.39743590354919434
eval_f1_macro: 0.2912311255931854
eval_loss: 3.364844799041748
eval_runtime: 0.8379
eval_samples_per_second: 93.093
eval_steps_per_second: 5.967
