epoch: 100.0
eval_AUROC_macro: 0.8236960768699646
eval_accuracy_macro: 0.36666667461395264
eval_accuracy_micro: 0.5384615659713745
eval_f1_macro: 0.4060758352279663
eval_loss: 1.1015154123306274
eval_runtime: 0.8636
eval_samples_per_second: 90.318
eval_steps_per_second: 5.79
