epoch: 100.0
eval_AUROC_macro: 0.7790476679801941
eval_accuracy_exact: 0.38461539149284363
eval_accuracy_macro: 0.9384615421295166
eval_f1_macro: 0.2550264894962311
eval_loss: 0.19086547195911407
eval_runtime: 0.8429
eval_samples_per_second: 92.536
eval_steps_per_second: 5.932
