epoch: 100.0
eval_AUROC_macro: 0.6026418209075928
eval_accuracy_exact: 0.6538461446762085
eval_accuracy_macro: 0.7905982732772827
eval_f1_macro: 0.3987240791320801
eval_loss: 1.163061499595642
eval_precision_macro: 0.4195402264595032
eval_recall_macro: 0.38471177220344543
eval_runtime: 0.8608
eval_samples_per_second: 90.611
eval_steps_per_second: 5.808
