epoch: 100.0
eval_AUROC_macro: 0.9110787510871887
eval_accuracy_macro: 0.8622449040412903
eval_accuracy_micro: 0.8831169009208679
eval_f1_macro: 0.8705399036407471
eval_loss: 0.36809486150741577
eval_runtime: 0.8139
eval_samples_per_second: 94.607
eval_steps_per_second: 6.143
