epoch: 100.0
eval_AUROC_macro: 0.7749543786048889
eval_accuracy_macro: 0.4020833373069763
eval_accuracy_micro: 0.43589743971824646
eval_f1_macro: 0.4041457176208496
eval_loss: 2.3137195110321045
eval_runtime: 0.8311
eval_samples_per_second: 93.852
eval_steps_per_second: 6.016
