epoch: 100.0
eval_AUROC_macro: 0.7294246554374695
eval_accuracy_exact: 0.42307692766189575
eval_accuracy_macro: 0.8564102649688721
eval_f1_macro: 0.4699414372444153
eval_loss: 0.3100074231624603
eval_precision_macro: 0.5864935517311096
eval_recall_macro: 0.41794416308403015
eval_runtime: 0.8691
eval_samples_per_second: 89.752
eval_steps_per_second: 5.753
