epoch: 100.0
eval_AUROC_macro: 0.8310597538948059
eval_accuracy_exact: 0.5
eval_accuracy_macro: 0.8666666746139526
eval_f1_macro: 0.49613821506500244
eval_loss: 0.3213057518005371
eval_precision_macro: 0.6392857432365417
eval_recall_macro: 0.41420572996139526
eval_runtime: 0.8738
eval_samples_per_second: 89.266
eval_steps_per_second: 5.722
