epoch: 100.0
eval_AUROC_macro: 0.8101034760475159
eval_accuracy_exact: 0.3589743673801422
eval_accuracy_macro: 0.7628204822540283
eval_f1_macro: 0.6105527877807617
eval_loss: 0.7969647645950317
eval_runtime: 0.8564
eval_samples_per_second: 91.076
eval_steps_per_second: 5.838
