epoch: 100.0
eval_AUROC_macro: 0.8383532166481018
eval_accuracy_macro: 0.41223546862602234
eval_accuracy_micro: 0.5064935088157654
eval_f1_macro: 0.4048488140106201
eval_loss: 1.1708927154541016
eval_runtime: 0.8692
eval_samples_per_second: 88.59
eval_steps_per_second: 5.753
