epoch: 100.0
eval_AUROC_macro: 0.8180280923843384
eval_accuracy_exact: 0.44871795177459717
eval_accuracy_macro: 0.8141025304794312
eval_f1_macro: 0.6134505867958069
eval_loss: 0.6625097990036011
eval_precision_macro: 0.5811858177185059
eval_recall_macro: 0.656836748123169
eval_runtime: 0.8247
eval_samples_per_second: 94.576
eval_steps_per_second: 6.063
